13.500
7.200
9.000
13.000
9.300
12.000
27.500
7.800
7.500
22.000
10.000
12.450
7.700
18.500
15.500
8.000
8.500
27.000
3.100
11.000
12.300
14.500
6.200
8.500
15.500
7.900
15.500
13.900
11.400
10.000
5.000
8.600
12.700
8.500
15.000
23.000
10.500
15.000
550
15.700
19.000
19.900
17.500
10.700
29.500
9.500
18.000
10.200
10.500
13.500
3.600
13.000
12.800
22.500
10.600
22.000
20.000
20.600
8.900
9.000
13.200
22.500
14.900
28.000
11.500
15.000
17.500
29.400
49.500
18.500
10.800
8.000
12.000
11.500
18.500
6.600
6.700
65.000
20.500
8.000
4.200
13.500
16.200
32.800
3.800
7.500
11.500
12.000
10.000
7.000
14.500
5.000
14.500
8.500
16.000
20.000
4.700
10.000
10.500
19.700
14.000
26.000
6.900
15.500
8.000
14.500
16.500
23.700
17.800
14.200
15.300
10.500
15.500
6.200
7.500
15.000
17.500
32.000
7.000
16.500
25
9.000
13.000
14.000
21.700
5.800
12.500
15.500
17.300
12.100
9.200
13.000
15.800
9.800
11.000
22.000
9.800
13.900
12.500
14.000
9.650
19.500
6.000
9.000
10.800
6.200
10.500
7.200
7.500
16
5.000
8.000
15.000
10.000
10.300
11.500
5.000
7.700
7.200
13.300
13.000
12.000
32.500
7.000
9.800
6.500
12.500
13.500
7.000
20.000
11.000
4.300
10.000
7.500
6.500
13.300
8.000
13.300
12.000
21.000
11.000
14.000
13.500
7.800
9.450
1.000
15.700
22.000
5.500
15.000
8.300
6.500
8.950
9.800
11.800
10.000
10.700
11.000
7.700
25.500
23.500
15.000
8.300
15.500
15.500
13.500
13.500
22.000
5.500
11.000
1
20.000
15.800
8.500
12.800
11.200
19.000
19.500
24.900
6.300
9.900
7.700
8.500
17.600
12.800
14.500
10.800
13.200
18.500
6.800
3.200
7.500
21.200
9.200
18.800
4.800
4.000
19.500
8.100
8.000
6.700
18.500
15.500
5.500
10.300
10.500
10.500
4.500
14.900
13.000
13.500
8.000
11.300
1
7.800
4.500
18.000
12.000
5.000
14.000
22.000
11.990
10.000
8.500
5.800
20.000
800
15.000
6.500
7.500
13.200
3.500
12.900
6.500
9.000
11.000
16.000
7.500
13.500
7.200
23.000
10.000
15.000
49.500
5.000
12.000
24.200
11.700
8.000
7.000
6.500
11.500
8.600
16.000
15.000
7.200
20.500
25.000
12.500
7.000
22.500
12.500
11.000
8.000
10.000
14.400
13.300
1
23.000
21.000
25.500
10.300
15.500
6.800
38.000
8.900
14.300
11.300
11.900
47.000
8.000
22.000
32.000
15.000
11.500
4.700
17.000
7.500
3.250
8.499
20.600
13.200
12.700
15.950
4.800
13.000
24.000
958
7.600
4.800
4.500
18.900
6.500
1
23.000
11.000
6.500
13.500
12.900
9.400
11.800
13.500
13.000
15.000
15.400
12.500
20.000
7.500
25.300
11.500
10.500
16.500
15.500
11.400
10.900
5.300
18.300
13.000
14.500
2.700
42.000
14.000
6.200
11.200
30.000
14.500
18.500
17.500
12.700
22.000
4.700
9.000
7.500
20.000
7.800
19.500
8.000
18.500
21.200
22.500
5.500
14.000
12.000
9.600
5.100
7.300
14.000
13.200
35.000
13.200
13.200
15.000
24.000
11.000
9.000
8.900
10.500
40.000
14.000
16.900
15.500
4.500
12.000
4.900
13.000
22.500
21.000
8.000
8.200
16.500
15.000
8.900
14.200
14.000
1
1.111
3.600
12.500
7.500
9.500
6.000
4.200
5.000
8.500
12.000
17.500
5.400
3.300
11.250
8.900
8.500
13.100
32.000
6.500
17.500
25.000
28.000
21.000
4.400
11.500
4.800
10.200
11.000
8.500
24.000
7.800
13.500
6.400
16.000
3.800
24.500
8.000
15.000
19.800
2.000
10.000
5.990
3.800
8.000
10.200
14.500
16.500
12.500
10.000
13.600
17.800
9.800
9.200
8.000
16.000
7.000
10.500
7.000
5.000
9.000
10.200
17.000
18.000
20.900
4.800
8.700
13.000
14.000
10.222
8.700
10.300
1
8.000
15.500
10.500
8.500
10.500
11.900
16.500
8.300
9.500
10.000
4.500
12.300
27.000
26.500
6.800
7.500
16.000
22.500
15.500
5.500
17.000
20.000
19.000
13.000
14.890
6.300
7.000
9.800
21.500
9.800
6.500
24.000
13.000
19.000
28.500
3.800
12.300
1
10.100
17.000
12.300
7.000
14.500
9.000
3.300
5.800
6.200
6.000
5.000
29.360
10.400
29.900
17.500
13.900
4.850
6.700
16.500
16.500
14.600
3.000
26.500
21.500
21.900
2.500
5.750
12.000
10.500
6.200
24.200
2.000
15.500
8.500
20.000
10.200
8.300
22.000
5.000
7.800
4.750
9.200
11.400
9.400
15.500
12.000
12.500
11.500
6.500
7.500
1.700
18.900
18.500
11.300
16.200
9.000
10.500
13.800
5.000
23.000
5.500
6.500
5.500
8.500
34.700
15.500
9.700
11.000
35.500
6.200
16.250
11.500
5.000
290
10.500
18.500
8.000
8.990
5.700
7.900
17.500
10.700
13.500
23.500
18.000
16.800
12.000
16.000
4.200
5.500
9.000
21.500
10.800
55.000
7.600
18.000
17.500
21.000
13.900
9.300
23.500
13.999
13.800
17.000
34.999
10.000
4.200
5.000
26.000
8.800
5.500
18.000
14.600
6.800
6.400
10.000
8.950
25.999
11.400
20.500
8.300
15.500
16.000
5.500
10.900
11.700
9.500
14.000
28.000
20.100
7.800
4.700
8.800
28.850
15.400
13.000
11.600
10.400
4.800
10.500
7.700
8.400
11.200
17.500
13.000
12.800
8.500
24.900
13.000
18.000
13.000
3.850
11.500
8.000
7.800
1.400
7.300
11.600
13.500
4.000
5.900
9.200
19.800
13.500
13.000
24.000
26.500
9.490
5.300
4.200
958
10.800
25.000
5.000
5.500
7.500
7.000
10.500
6.200
15.800
4.800
12.500
18.500
16.400
2.700
16.500
7.600
11.000
100
9.500
5.000
7.000
8.000
13.800
8.100
7.900
16.600
8.800
13.200
4.700
17.500
7.500
18.000
12.500
10.200
20.500
17.500
4.400
10.000
6.800
7.700
13.000
5.000
28.999
9.300
10.500
8.000
8.400
14.000
7.500
6.600
3.800
235
15.800
18.200
19.000
3.600
9.200
16.200
10.800
14.200
27.000
18.000
10.000
9.200
17.800
20.000
25.200
18.500
6.000
520
22.000
5.300
6.850
5
2.300
8.000
6.800
4.600
3.800
4.200
10.700
16.500
10.000
1
7.900
1
8.500
7.200
6.500
12.500
9.700
11.500
12.500
4.000
10.500
9.000
950
7.000
12.700
10.800
7.533
15.950
9.800
11.800
12.000
15.200
22.500
13.200
27.000
12.400
16.000
11.500
13.500
15.999
9.500
20.900
12.000
16.999
16.999
8.000
13.900
13.500
15.999
4.500
18.900
8.600
27.000
12.999
8.000
13.200
13.499
12.000
7.500
12.500
8.900
17.599
12.500
29.900
13.800
14.900
15.000
3.200
9.500
23.999
4.700
8.900
4.100
8.900
14.199
14.100
7.600
16.900
15.800
10.800
13.500
15.800
12.700
6.500
12.000
13.900
17.200
6.000
8.200
27.900
14.500
16.300
1
8.000
13.000
2.500
6.200
9.000
8.500
11.990
30.200
31.000
17.900
5.500
5.700
12.500
13.450
14.000
22.999
850
13.499
12.300
24.500
9.000
16.800
38.850
6.500
10.850
16.900
10.500
5.300
13.400
10.900
15.000
9.500
15.500
18.000
6.000
18.000
35.500
12.000
15.000
23.900
21.500
24.500
10.000
15.000
45
22.800
49.500
8.900
8.500
8.500
11.800
10.800
12.800
1
9.500
10.300
9.800
13.700
29.000
17.900
14.000
10.400
8.400
17.400
8.500
16.500
9.400
12.700
8.300
7.000
13.200
24.900
12.800
12.500
8.000
8.000
6.500
33.000
8.000
13.500
26.500
12.000
12.500
8.500
5.500
21.000
6.800
3.300
4.000
7.700
6.200
6.000
13.900
14.500
7.900
15.500
8.600
12.700
10.500
550
15.700
19.000
19.900
10.700
29.500
18.000
10.200
10.500
13.500
12.800
20.000
9.000
13.200
22.500
14.900
11.500
15.000
17.500
29.400
18.500
15.800
12.700
13.900
17.200
8.200
16.300
13.000
6.200
11.990
30.200
31.000
5.700
22.999
850
13.499
12.300
9.000
16.800
38.850
6.500
16.900
10.500
13.500
20.500
17.500
10.500
13.000
18.000
5.300
3.000
20.900
10.000
16.000
14.500
13.500
8.000
33.000
1.100.000
16.500
21.500
9.900
11.500
22.500
10.500
29.500
14.900
10.500
6.900
12.500
24.300
28.500
13.000
1
25.000
18.000
8.000
10.000
8.500
16.900
13.000
6.500
8.000
14.800
8.500
8.000
9.000
23.990
15.500
10.400
12.500
15.500
8.600
12.700
10.500
550
15.700
19.900
10.700
29.500
18.000
10.200
10.500
13.500
20.600
22.500
14.900
11.500
17.500
29.400
49.500
15.800
17.200
6.000
8.200
16.300
31.000
22.999
13.499
16.800
38.850
10.850
16.900
13.400
10.900
15.500
15.200
22.500
13.200
27.000
16.000
13.500
15.999
20.900
16.999
16.999
13.900
15.999
27.000
15.500
12.700
10.500
550
19.000
19.900
10.700
18.000
10.200
10.500
13.500
20.600
13.200
22.500
14.900
11.500
15.000
17.500
18.500
17.200
6.000
8.200
16.300
13.000
6.200
30.200
31.000
22.999
13.499
12.300
16.800
38.850
16.900
10.500
5.300
10.900
15.000
15.500
12.000
22.500
13.200
16.000
13.500
20.900
16.999
16.999
13.900
15.999
7.900
15.500
8.600
10.500
550
15.700
19.000
19.900
10.700
18.000
10.200
10.500
13.500
20.600
13.200
22.500
14.900
11.500
15.000
17.500
29.400
18.500
10.800
15.800
12.700
13.900
17.200
8.200
16.300
13.000
6.200
30.200
31.000
22.999
13.499
9.000
38.850
10.850
16.900
10.500
13.400
10.900
15.000
15.500
12.000
15.200
22.500
13.200
13.900
5.000
8.600
12.700
8.500
10.500
15.000
15.700
19.000
19.900
10.700
18.000
10.200
10.500
3.600
13.000
10.600
22.000
20.600
8.900
13.200
22.500
14.900
28.000
11.500
15.000
17.500
10.800
8.000
15.800
10.800
15.800
12.700
6.500
13.900
17.200
6.000
8.200
27.900
14.500
16.300
8.000
13.000
2.500
6.200
9.000
8.500
11.990
15.999
16.999
16.999
15.999
7.900
4.200
17.990
17.990
45
260
19.900
13.000
28.000
17.500
29.400
15.800
16.300
2.500
17.900
13.450
14.000
16.800
16.900
13.400
13.200
16.000
20.900
8.600
27.000
12.000
4.100
14.100
27.000
10.000
17.800
20.000
6.850
5
2.300
10.000
8.500
6.500
10.500
9.000
12.700
15.950
18.500
11.000
16.600
18.200
3.600
28.850
13.000
12.800
13.000
18.000
13.500
24.000
15.500
22.000
22.500
18.500
24.500
38.850
12.400
13.500
18.900
29.900
13.800
15.000
23.999
8.900
10.800
18.000
25.200
22.000
6.850
1
15.800
16.500
13.800
20.500
17.500
13.000
14.000
3.800
15.800
19.000
4.700
15.400
17.500
24.900
13.000
25.000
7.000
28.500
3.800
10.100
14.600
55.000
14.600
6.800
20.100
13.600
16.000
18.000
15.500
13.900
11.400
10.000
5.000
8.600
12.700
8.500
15.000
23.000
10.500
15.000
15.700
19.000
17.500
10.700
9.500
18.000
10.200
10.500
13.500
3.600
12.800
22.500
10.600
20.000
20.600
8.900
13.200
14.900
11.500
15.000
49.500
10.800
8.000
10.800
13.500
15.800
12.700
6.500
12.000
13.900
17.200
8.200
27.900
14.500
8.000
13.000
7.900
550
850
15.999
16.999
16.999
15.999
520
7.900
4.200
17.990
7.000
4.800
3.100
5.990
6.000
4.000
3.000
17.990
4.400
5.500
9.000
6.000
10.000
13.500
9.000
7.500
46.000
26.000
1.200
35.000
7.000
3.800
4.500
13.500
1.500
5.500
294
15.000
12.500
60
1
7.000
45
45
8.000
260
29.500
9.000
6.000
1
5.700
9.000
6.500
22.500
4.500
8.000
6.000
4.600
12.500
950
4.800
2.700
100
8.000
4.700
9.300
8.400
5.900
958
7.000
7.000
5.800
5.000
2.500
12.000
18.000
16.800
4.200
13.900
9.800
4.800
11.900
22.500
11.400
1.700
11.300
5.500
5.500
5.000
290
10.500
5.700
7.900
3.000
15.500
15.500
11.400
10.000
15.000
23.000
550
19.900
29.500
13.500
12.800
20.000
29.400
18.500
11.990
13.450
22.999
850
16.800
6.500
10.850
12.000
13.200
16.000
9.500
12.000
8.000
4.500
18.900
27.000
12.000
8.900
12.500
29.900
13.800
3.200
14.100
10.000
5.300
2.300
10.000
1
7.900
7.200
12.500
11.500
9.800
15.800
15.500
7.900
15.500
13.900
11.400
10.000
5.000
8.600
12.700
8.500
15.000
23.000
10.500
15.000
550
15.700
19.000
19.900
17.500
10.700
29.500
9.500
18.000
10.200
10.500
13.500
3.600
13.000
12.800
22.500
10.600
22.000
20.000
20.600
8.900
9.000
13.200
22.500
14.900
28.000
11.500
15.000
17.500
29.400
49.500
18.500
10.800
8.000
7.900
10.500
22.500
9.000
18.500
13.500
12.000
12.500
10.900
16.999
7.600
9.200
20.000
18.500
6.000
6.850
5
3.800
7.900
6.500
12.500
11.800
100
7.900
10.200
6.800
7.700
28.999
3.800
3.600
8.800
9.490
7.000
7.000
3.800
9.000
29.360
6.700
26.500
2.500
10.500
18.000
10.000
5.500
5.000
4.800
8.000
10.500
10.000
9.500
9.000
9.000
9.000
9.500
9.500
9.500
9.200
10.000
9.200
10.000
9.700
9.000
9.800
9.500
10.000
9.300
9.200
9.490
9.800
9.800
9.000
9.000
9.300
10.000
10.000
9.500
9.800
9.200
9.000
9.500
10.000
9.200
9.400
9.000
9.700
9.000
9.400
9.100
10.000
9.100
9.500
9.800
9.800
9.500
9.800
9.500
13.900
8.600
15.000
15.800
14.500
8.000
13.000
8.500
11.990
31.000
9.000
10.500
15.200
11.500
8.600
13.200
6.800
12.500
8.100
235
11.200
19.800
7.500
12.000
24.200
15.500
21.000
13.900
13.800
17.000
20.100
8.700
8.500
16.500
9.500
19.000
7.500
18.500
15.500
18.500
14.000
16.500
16.500
9.100
9.800
11.800
10.300
11.000
15.500
15.500
13.900
11.400
10.000
12.700
15.000
23.000
10.500
15.000
15.700
19.000
19.900
17.500
10.700
29.500
18.000
10.200
10.500
13.500
13.000
12.800
22.500
10.600
22.000
20.000
20.600
13.200
22.500
14.900
28.000
11.500
15.000
17.500
29.400
49.500
18.500
10.800
15.800
10.800
13.500
15.800
12.700
12.000
13.900
17.200
27.900
14.500
7.900
5.000
8.600
8.500
550
3.600
8.900
9.000
8.000
6.500
6.000
8.200
1
8.000
2.500
6.200
9.000
8.500
5.500
5.700
850
9.000
6.500
5.300
8.000
4.500
8.600
8.000
7.500
8.900
3.200
4.700
8.900
4.100
8.900
7.600
6.000
520
5.300
6.850
5
2.300
8.000
6.800
4.600
3.800
4.200
1
10.200
12.500
27.000
16.000
12.000
13.900
14.900
14.199
16.900
16.200
14.200
10.000
520
950
7.000
12.500
11.600
7.700
7.800
17.500
14.000
9.200
17.000
13.000
12.300
17.500
11.400
15.500
10.300
17.000
14.000
8.900
17.500
15.000
8.600
14.500
13.500
8.200
13.800
13.500
9.400
19.000
14.200
12.800
12.800
6.500
8.000
8.500
17.500
18.000
49.500
13.400
11.500
16.999
4.700
16.900
10.500
2.700
16.500
15.800
10.400
4.800
8.500
958
5.000
14.600
12.000
18.000
12.000
34.999
8.950
5.500
5.000
4.500
7.500
15.500
20.000
4.750
9.400
15.500
1.700
5.000
10.500
5.700
13.200
10.500
4.800
5.000
10.300
8.500
7.500
22.000
6.900
18.400
5.500
4.900
23.000
18.000
20.000
10.800
6.200
22.999
12.300
9.500
13.200
13.499
10.700
11.500
10.800
7.600
17.500
5.000
5.500
12.300
21.900
23.500
10.000
4.200
9.800
8.000
9.000
14.000
22.000
9.200
6.500
290
10.900
12.600
8.600
11.500
14.000
16.000
13.100
8.900
15.500
19.800
13.500
15.000
14.500
10.400
12.500
9.600
17.800
12.800
13.500
22.500
13.200
14.900
9.000
5.700
13.499
13.500
17.599
16.500
7.500
8.000
5.900
9.200
5.300
34.999
18.000
10.300
17.500
9.000
12.500
12.500
7.500
13
22.000
14.300
11.500
26.000
13.200
11.000
7.800
14.000
8.500
15.000
15.500
8.000
12.900
16.900
33.000
25.000
24.000
5.800
13.000
6.800
13.200
11.600
8.500
18.500
17.500
11.500
6.500
8.200
8.000
9.200
4.600
4.000
16.400
7.900
7.700
10.500
10.400
8.000
1
9.000
10.500
8.950
7.800
8.000
5.000
11.500
8.000
7.900
5.800
10.500
14.200
20.000
7.500
12.500
4.800
9.000
28.900
27.300
8.700
7.900
14.000
9.000
8.700
12.800
18.500
4.500
14.000
16.500
10.000
10.800
13.000
8.400
15.500
12.700
10.500
19.000
17.200
10.900
12.500
18.500
10.500
7.533
10.200
9.300
8.800
13.000
9.490
6.300
7.000
16.500
21.500
20.000
16.000
8.800
10.500
8.300
14.890
9.400
9.000
9.700
13.800
12.000
8.000
7.400
9.500
12.300
6.200
11.000
7.000
6.000
8.000
8.000
14.600
8.600
10.000
7.000
48.000
10.200
7.800
8.700
5.000
10.700
8.000
7.600
5.300
4.700
958
10.800
6.500
6.200
13.000
11.400
12.500
10.500
6.200
5.100
7.800
7.500
5.600
8.500
8.600
11.000
9.500
12.500
6.900
11.990
6.500
8.500
6.800
25.000
7.999
10.600
12.300
7.900
7.000
10.000
23.500
13.200
9.900
7.000
16.500
12.500
8.000
7.300
10.800
13.500
10.500
11.000
9.200
4.200
6.600
3.300
12.000
10.000
6.800
5.500
8.990
9.100
12.800
9.500
9.800
7.000
11.250
15.000
10.490
7.200
5.500
7.300
10.200
7.000
6.400
6.000
4.500
15.000
1.100.000
11.000
6.500
10.500
8.500
14.900
7.500
5.800
7.500
5.300
17.500
8.500
13.500
10.000
6.900
7.900
4.500
6.900
8.000
6.800
6.900
4.700
4.800
5.000
5.000
5.000
6.800
8.300
10.500
7.800
5.000
6.500
12.500
7.800
7.500
8.500
15.500
13.500
5.500
11.905
5.300
10.000
8.500
7.100
6.700
22.800
11.500
3.200
6.900
9.500
10.500
5.500
6.200
12.500
5.000
10.300
11.200
8.200
6.200
7.500
11.500
7.800
5.000
9.990
9.200
11.500
15.000
6.500
6.200
5.000
11.400
15.000
9.500
10.000
10.500
8.400
7.300
6.200
6.200
5.500
6.400
9.500
7.000
8.700
5.500
11.000
4.500
13.500
5.400
9.800
7.200
10.800
7.100
7.500
7.200
7.800
7.700
5.500
8.000
6.600
10.000
9.900
6.000
7.700
9.400
13.000
8.000
15.000
8.300
15.000
7.500
4.800
10.000
5.000
4.900
7.700
8.000
17.000
8.500
18.000
12.000
30.500
4.100
9.000
6.200
7.500
6.800
1.234
10.500
5.300
10.800
5.900
10.300
9.899
9.800
18.500
10.300
10.500
4.250
5.500
22.500
5.500
8.200
5.100
8.000
5.800
5.000
5.990
5.700
7.500
13.399
8.000
11.500
9.800
7.500
6.300
6.500
6.500
11.000
6.200
4.500
7.500
6.800
4.900
8.000
13.000
4.800
7.000
9.200
7.500
12.000
9.800
12.900
5.100
11.500
13.900
6.000
4.000
6.000
8.200
5.500
9.350
4.900
7.200
8.500
7.000
3.800
5.800
5.000
4.500
4.900
7.000
7.999
6.000
10.500
8.000
8.000
15.000
8.500
4.100
37.500
8.000
4.000
7.700
5.200
5.200
1.800
8.000
10.000
4.800
6.000
5.200
3.000
7.500
7.200
5.000
5.800
10.500
8.500
8.490
10.990
12.500
8.000
6.200
6.000
7.200
5.800
6.700
16.000
5.300
5.800
7.200
7.000
4.500
11.200
5.200
4.500
8.500
15.000
4.500
24.000
6.000
5.300
8.500
4.000
7.200
4.200
3.200
10.000
2.500
8.000
8.900
4.400
6.800
4.800
5.500
10.500
7.500
5.500
4.750
8.500
5.700
8.500
6.600
7.500
6.500
8.300
6.300
4.200
7.300
5.300
8.350
20.000
8.300
4.000
8.000
3.000
1
5.700
5.100
8.000
11.200
5.700
4.500
10.500
6.000
7.000
7.500
6.500
7.500
5.200
7.500
3.500
7.400
8.500
6.500
2.700
7.500
7.000
5.500
5.000
4.700
5.100
13.200
3.800
2.000
4.200
5.800
3.500
3.500
8.800
7.000
4.000
7.000
4.800
5.000
12.000
400
11.000
5.500
3.900
8.900
3.850
7.000
5.000
5.800
4.800
4.500
4.400
3.500
4.500
4.500
12.000
7.500
2.500
250
6.000
3.200
5.600
4.500
4.200
7.000
6.700
3.000
2.500
3.800
6.200
3.600
10.000
12.000
7.800
7.800
7.000
100
4.800
2.300
8.500
8.200
6.800
9.200
6.800
3.900
5.800
8.500
5.000
2.900
13.000
4.400
9.400
7.000
6.500
9.500
6.800
7.500
5.500
1.600
5.600
3.700
5.000
5.200
4.700
5.400
5.400
6.500
1.500
5.000
8.000
8.200
10.500
2.900
5.300
4.900
8.000
6.500
6.500
3.100
5.200
4.700
6.000
6.850
6.500
7.000
5.750
2.000
6.500
4.400
6.000
16.000
4.000
5.500
3.400
3.000
11.500
3.500
7.000
4.700
3.800
6.500
6.800
6.500
10.000
6.500
6.500
5.800
9.000
2.900
4.500
6.800
4.800
3.900
7.500
1.400
11.500
7.200
5.000
1.600
5.800
1
3.400
2.500
3.600
12.000
5.500
6.500
4.500
3.200
4.100
2.300
100
3.800
1.400
8.500
4.200
8.500
7.800
5.500
4.900
3.000
3.100
5.800
3.800
6.400
5.500
14.500
3.800
6.500
4.900
9.500
6.500
2.000
9.300
4.500
3.299
5.000
3.800
5.500
3.800
4.500
13.500
9.000
2.700
5.500
13.500
65.000
5.500
5.000
6.500
5.000
20.000
4.200
6.000
4.700
3.800
4.800
4.500
7.490
6.700
3.600
4.300
6.500
5.000
8.000
3.400
2.200
5.700
9.500
9.800
9.500
3.800
7.600
2.500
3.300
4.800
4.300
5.800
7.500
10.500
8.900
5.500
500
11.500
1.400
6.200
2.350
4.500
5.850
7.500
6.200
9.000
3.000
4.000
3.800
2.700
3.500
1.700
5.500
5.500
10.000
1.800
1.700
5.000
6.500
6.000
6.600
2.000
12.000
7.800
6.500
1.200
10.000
5.000
3.200
1.250
2.300
5.500
3.200
3.000
3.000
2.500
2.800
5.700
4.500
5.000
2.800
1.500
2.800
1.000
5.500
3.300
2.100
1.000
2.000
3.200
4.800
5.500
5.000
1.600
3.600
4.850
8.700
2.650
5.000
5.500
8.000
6.900
22.000
1
3.000
6.500
6.500
3.000
16.000
15.700
10.600
20.600
28.000
10.800
12.700
27.900
30.200
14.000
13.400
15.500
22.500
12.999
12.500
13.800
8.900
20.000
8.500
9.700
12.500
9.000
9.500
8.800
8.400
13.000
11.500
13.500
13.500
21.500
14.500
29.900
23.500
9.000
25.999
16.000
10.200
16.000
11.500
15.000
16.500
7.997
10.000
8.900
14.500
14.000
28.500
12.500
10.200
12.800
13.900
15.000
9.500
27.000
14.100
17.800
10.000
1
9.800
18.500
8.000
13.200
18.000
13.000
11.600
26.500
10.500
9.800
13.000
19.000
13.999
18.000
10.000
20.500
17.800
10.222
1
11.900
22.500
10.200
18.900
16.250
10.700
13.500
13.200
16.300
19.500
9.500
10.200
11.500
15.500
10.700
12.300
11.000
9.500
11.500
12.500
15.000
19.900
17.500
29.400
18.500
15.800
13.450
10.850
16.900
12.000
5
12.700
15.950
11.000
28.999
12.800
13.000
18.000
24.000
29.360
9.300
15.500
10.900
21.500
16.500
1
17.500
19.500
10.800
22.500
27.000
25.000
11.300
34.100
23.890
22.990
32.800
14.600
27.200
17.500
11.500
17.500
13.000
14.500
10.700
8.500
14.500
9.200
7.900
550
16.999
16.999
29.900
15.000
10.800
7.900
12.500
15.800
13.800
20.500
17.500
13.000
15.800
15.400
17.500
13.000
25.000
10.100
14.600
13.600
16.000
15.500
17.500
9.400
34.799
35.000
13.200
19.700
41.500
19.400
16.900
69.990
15.500
13.800
17.900
4.200
15.300
14.000
25.800
22.000
22.000
17.400
14.850
15.000
24.900
12.500
15.500
8.500
49.500
13.500
16.300
38.850
20.900
12.000
27.000
22.000
9.800
24.000
13.900
21.500
18.000
17.500
11.400
15.500
15.500
17.000
12.000
11.300
16.200
23.000
34.700
22.000
26.000
15.500
13.000
16.200
33.900
24.000
13.000
17.000
11.000
14.000
18.000
13.800
24.500
14.000
24.700
60.000
10.000
12.700
15.700
12.900
13.800
15.800
24.500
28.850
24.900
10.400
11.700
18.800
15.100
14.900
10.800
14.500
26.800
25.000
6.500
16.500
14.990
31.900
12.500
30.680
13.500
20.000
18.700
25.000
12.300
37.500
12.500
11.300
38.300
16.800
11.500
20.000
16.200
13.500
17.500
13.500
38.000
34.500
15.000
17.500
15.500
14.200
13.500
12.000
52.000
11.500
12.500
12.500
14.500
27.990
29.500
22.000
17.900
16.800
13.500
1
11.800
16.600
18.200
19.000
17.000
16.500
26.500
27.000
8.300
22.800
27
22.000
21.500
27.000
32.000
22.500
14.200
22.500
12.900
18.500
20.000
19.500
45.000
22.800
14.000
25
18.000
14.500
14.500
32.500
11.000
51.000
13.000
34.000
11.900
12.900
16.500
14.500
22.500
21.000
13.500
13.500
9.200
9.000
8.000
8.000
5.500
9.000
850
16.800
18.500
35.000
17.990
28.000
16
14.500
33.000
17.990
18.000
28.000
400
150
17.500
16.000
15.100
13.399
13.500
31.000
310
18.800
30
29.500
15.000
45
260
27.300
22.000
13.000
22.500
12.400
15.999
15.999
18.900
23.999
18.000
25.200
16.500
14.000
28.500
12.300
55.000
26.000
14.600
20.900
26.500
13.800
35.500
23.000
15.900
18.500
18.500
21.200
17.000
12.500
29.000
17.300
16.800
19.700
18.300
13.000
14.800
34.000
35.800
19.990
20.000
20.500
13.000
12.950
27.500
15.500
16.500
21.500
12.500
27.850
12.500
11.200
10.500
13.200
7.900
9.000
10.800
11.400
18.500
7.500
20.000
8.300
5.700
8.000
12.500
8.000
10.000
7.500
10.500
7.500
8.300
19.500
10.000
11.500
6.200
15.700
15.800
13.900
13.499
12.000
14.200
35.500
16.250
15.000
14.000
34.799
14.500
25.000
16.000
10.300
10.000
14.500
12.800
15.000
27.300
18.300
32.000
13.900
11.800
19.900
36.900
14.000
37.600
12.800
10.200
8.500
7.700
6.500
18.300
9.500
18.000
14.000
3.800
6.200
4.500
5.500
3.800
7.800
20.000
300
20.000
20.500
5.600
6.200
6.850
6.200
12.500
15.200
6.850
6.500
7.000
5.750
10.000
4.800
12.500
7.800
14.000
7.000
11.500
10.700
8.500
10.990
16.600
8.200
13.000
14.700
13.000
10.500
13.500
12.500
10.500
9.400
10.500
11.900
11.500
15.000
10.000
21.400
13.500
14.000
7.000
10.800
7.200
12.500
11.400
6.500
9.800
17.000
15.500
8.500
18.000
10.500
9.500
10.800
5.500
3.200
5.000
100
3.850
2.500
3.600
13.000
6.500
2.900
3.700
3.400
2.200
5.000
3.200
10.350
1.800
8.900
5.500
8.500
10.800
3.000
5.800
6.700
3.600
12.500
5.500
3.800
7.000
8.000
5.400
1.400
5.800
12.300
5.500
8.200
12.900
5.500
9.500
33.000
27.000
19.800
9.500
14.890
12.500
8.000
13.000
10.900
13.500
8.499
7.900
10.500
8.500
3.200
5.000
10.600
13.000
13.000
10.800
12.300
13.000
15.500
12.500
13.000
29.900
25.000
7.500
12.700
12.000
12.500
10.800
10.300
13.000
11.200
13.000
13.800
13.500
10.200
11.500
13.500
13.900
11.000
21.000
9.800
14.500
15.000
9.000
11.000
40.000
14.500
12.850
12.000
10.200
15.000
13.500
13.500
15.000
12.200
26.000
14.000
10.800
2.500
6.500
3.400
3.800
4.000
6.500
23.000
3.500
10.000
235
13.000
10.300
8.100
10.000
10.500
10.800
14.500
11.500
13.500
9.000
10.500
8.500
12.800
5.700
6.500
10.000
3.000
11.500
10.000
3.300
14.199
11.800
12.200
22.500
34.700
12.900
25.000
12.500
14.000
23.990
9.000
10.000
12.900
8.000
11.500
12.000
16.800
14.000
21.000
20.000
21.000
8.500
5.700
13.200
7.000
6.000
8.500
9.000
4.800
7.000
10.000
7.490
250
4.200
10.000
26.000
7.000
12.000
4.800
8.300
8.000
5.500
6.500
9.200
4.800
5.500
6.000
7.600
14.100
4.400
1.400
13.000
7.800
5.500
290
7.900
19.500
7.800
13.700
8.300
16.500
5.300
11.500
6.800
25.000
8.500
9.000
19.000
9.800
6.000
14.000
7.200
6.200
14.800
7.800
7.500
9.300
26.000
4.800
18.000
6.500
6.800
23.000
8.800
30
3.400
29.000
10.700
17.500
17.500
9.800
17.900
17.000
15.000
17.500
15.000
14.000
21.490
16.500
9.900
19.000
13.500
19.000
28.000
18.500
7.500
18.000
12.300
12.500
25.500
50.000
8.500
16.500
18.400
13.500
34.800
8.500
27.000
13.800
5.800
12.000
8.300
11.200
7.999
8.500
8.500
9.500
7.700
6.900
8.600
9.000
8.500
9.800
9.500
9.500
12.700
9.000
10.300
9.500
16.000
9.200
10.000
10.000
15.100
8.300
8.200
11.500
8.300
15.000
10.000
13.000
12.500
25.000
27.000
10.000
15.000
12.500
13.500
9.000
12.500
14.800
34.500
30.000
14.800
10.500
7.500
15.100
35.000
8.500
6.500
7.200
12.300
8.500
6.600
11.750
15.000
5.000
14.000
12.000
7.500
8.500
13.500
3.500
8.000
7.000
14.000
13.900
12.999
14.500
13.900
14.800
20.800
15.000
16.500
15.000
22.000
16.500
15.000
3.600
3.100
4.000
3.500
3.500
4.500
7.000
11.000
18.300
9.400
7.600
8.900
7.000
7.000
7.800
13
10.000
4.000
15.000
13.000
9.300
22.500
18.500
15.500
16.500
16.800
16.000
19.300
130
13.900
60.000
17.500
20.000
25.999
22.300
27.500
25.000
20.000
35.000
11.500
22.000
25.000
40.000
28.900
8.000
6.500
21.500
9.800
6.500
138
15.000
8.900
12.500
9.700
9.500
10.400
16.000
13.200
9.900
13.500
6.700
8.900
12.500
14.900
6.600
8.900
7.000
11.000
7.500
13.700
9.000
8.500
13.500
10.000
7.500
12.000
850
6.900
4.500
22.000
22.990
22.000
12.700
18.000
5
8.000
5.000
5.800
4.400
6.300
6.200
6.500
6.750
6.300
18.000
7.900
5.000
12.800
22.000
13.200
17.500
49.500
13.500
1
31.000
16.800
16.900
9.500
16.000
15.999
16.999
16.999
15.999
12.000
8.900
29.900
13.800
3.200
23.999
4.700
4.100
27.000
18.000
6.000
1
7.900
7.200
15.950
15.800
16.500
7.500
20.500
17.500
15.800
19.000
7.700
13.000
13.500
5.300
17.000
7.000
4.850
16.500
22.500
27.400
10.000
17.500
6.500
6.400
5.500
3.900
5.800
7.800
6.500
3.500
10.000
13.400
8.000
958
8.800
8.300
10.900
9.000
8.700
8.500
7.999
8.400
7.500
12.800
10.000
8.000
1
9.300
10.000
9.000
8.500
12.500
8.000
8.400
7.500
8.500
9.500
1
3.250
6.000
9.500
8.900
7.800
12.000
9.500
12.500
13.550
8.000
6.500
7.000
6.500
12.500
8.200
9.200
9.500
8.900
11.500
5.990
8.000
8.000
9.800
19.000
21.000
19.500
9.500
8.500
7.500
10.200
8.800
10.500
7.200
7.000
16.400
4.000
7.000
5.800
7.500
7.000
6.700
16.500
3.000
10.500
9.350
19.900
14.600
4.800
18.500
24.000
22.800
3.900
5.000
15.000
6.200
7.000
7.500
15.000
15.500
18.000
11.000
8.500
10.800
9.500
13.000
9.900
11.400
8.000
13.000
11.000
13.500
13.500
15.000
10.500
11.500
11.000
13.000
12.000
5.500
6.800
6.000
6.800
5.500
4.700
7.500
4.800
13.500
9.900
11.500
14.900
12.500
13.000
9.800
9.500
35.000
11.200
12.600
18.500
10.900
10.200
8.800
9.490
26.500
9.400
9.000
11.500
11.000
12.800
14.500
10.000
9.800
13.800
13.500
9.500
10.600
15.500
12.900
15.500
11.000
9.550
22.500
20.000
9.400
20.000
9.500
5.100
4.100
1.700
5.000
12.000
14.500
5.800
10.300
22.800
21.000
12.500
7.400
7.100
8.000
7.700
8.000
9.000
8.600
7.000
19.000
18.000
14.000
13.000
8.000
9.500
4.600
4.000
7.000
8.000
8.100
8.700
7.500
7.500
6.200
6.000
12.500
8.100
7.900
5.500
5.700
6.690
13.300
7.800
8.000
8.000
9.600
8.500
36.000
7.500
7.900
8.900
9.000
8.000
6.300
5.700
9.900
9.500
12.300
6.500
7.500
5.300
5.000
4.600
4.500
4.200
9.500
7.500
10.500
10.500
13.500
8.200
4.800
12.800
11.250
10.200
1.100.000
11.000
12.500
10.500
11.500
13.900
9.500
10.000
9.000
5.800
11.000
17.000
6.800
12.500
6.500
10.400
11.000
8.500
12.000
13.500
12.900
3.200
10.000
10.000
12.500
6.000
151.564.646
7.500
11.500
8.000
7.200
12.000
12.000
10.800
12.000
9.000
5.500
10.800
9.000
12.000
18.000
100
14.500
11.500
22.000
9.000
8.000
5.850
13.000
7.500
9.500
23.500
17.800
17.000
17.800
15.000
3.500
18.500
19.500
19.000
20.000
6.600
5.800
23.000
8.500
8.500
4.800
8.400
7.500
8.500
16.000
16.850
16.900
11.990
12.300
25.200
16.500
10.300
18.000
23.500
20.000
19.300
11.000
12.900
14.600
8.800
7.000
12.000
18.000
7.800
5.500
7.600
13.800
8.800
8.400
13.800
8.900
7.150
9.000
12.500
9.500
8.000
9.400
8.200
9.000
9.700
12.800
11.500
7.500
7.600
9.600
27.000
10.000
8.800
9.300
8.700
8.500
13.000
8.500
8.700
9.000
8.000
9.500
5.000
7.800
8.500
6.500
7.500
9.700
8.500
10.500
12.000
7.000
2.500
22.500
10.500
22.800
111
23.000
15.000
11.500
13.000
28.000
11.200
30.000
35.000
13.500
19.000
20.000
32.000
21.500
9.500
5.500
5.100
10.800
800
23.000
4.700
7.500
5.000
6.500
3.900
5.200
5.500
8.490
10.500
7.500
15.500
23.000
20.000
22.999
21.500
24.200
20.500
33.900
23.700
17.800
17.000
29.000
23.000
8.200
18.500
24.500
15.800
38.000
34.500
17.500
21.500
2.000
21.800
20.000
25.000
13.600
25.000
25.000
25.000
30.000
15.800
46.000
12.900
19.500
35.000
13.500
24.500
19.200
3.033
24.000
27.500
6.000
22.500
24.990
15.700
8.000
3.000
28.500
950
12.000
10.400
8.900
7.300
9.200
9.500
7.500
10.000
10.890
7.200
8.700
9.000
7.800
8.500
9.200
9.000
7.800
3.999
3.800
5.000
10.500
9.300
9.200
10.222
6.500
8.000
8.500
10.200
12.500
11.000
8.700
7.200
9.600
9.400
7.900
7.000
12.500
6.500
6.700
6.900
5.500
11.000
11.000
11.300
8.200
12.800
7.200
11.400
11.000
8.500
7.850
9.300
10.300
10.000
7.200
7.500
6.800
6.800
6.200
5.200
5.200
7.200
6.500
11.000
11.800
10.500
11.500
12.000
13.200
16.500
16.200
15.000
16.200
17.400
15.000
16.400
13.500
15.500
13.800
18.200
15.000
16.500
31.000
7.000
7.300
8.400
7.500
7.000
7.000
27.900
30.200
38.850
27.000
29.900
20.000
32.800
24.500
45.000
31.900
35.000
29.900
37.500
35.000
38.300
29.500
30.000
18.000
42.000
30.900
34.000
20.000
19.700
10.600
3.800
6.800
3.800
5.500
5.000
4.500
3.300
7.500
4.200
4.900
4.400
4.800
5.800
5.300
4.500
4.400
4.900
4.400
4.500
7.900
4.300
5.700
4.500
5.800
4.300
5.000
4.700
4.500
4.000
5.600
4.900
6.200
3.800
14.500
8.500
6.200
4.800
1.800
10.000.000
4.500
3.000
29.360
33.000
1
2.700
6.000
7.400
4.800
9.500
4.200
3.000
4.000
8.000
10.500
8.000
5.000
11.000
13.800
10.500
5.000
7.000
8.900
8.900
5.500
3.299
3.900
27.000
16.900
520
26.500
16.000
1
22.000
34.100
18.400
14.000
18.500
6.500
26.900
26.500
20.000
16.500
10.500
8.300
28.500
18.000
24.900
19.000
8.000
6.500
6.500
22.000
14.900
22.000
14.999
14.800
23.500
25.999
27.500
3.000
25.000
24.000
27.500
5.000
6.900
7.000
6.000
8.500
6.300
6.500
5.000
8.700
5.500
8.100
4.500
6.500
550
7.200
10.000
9.000
10.000
5.200
25.000
2.500
6.500
6.000
7.400
15.500
14.900
17.200
6.000
8.000
28.999
4.700
55.000
18.000
10.000
11.400
10.300
17.500
12.300
13.200
39.500
7.300
15.200
15.000
51.000
8.000
15.000
9.990
4.900
16.500
29.500
13.200
23.000
52.000
8.000
11.900
22.500
12.400
11.500
30.500
29.000
35.000
20.000
28.000
17.000
10.300
5.200
18.000
7.800
6.000
5.200
7.500
3.000
4.500
7.200
4.900
5.000
6.900
4.200
6.500
5.500
1.500
2.900
28.000
28.500
22.600
24.500
24.500
22.900
22.000
34.999
10.500
17.800
2.000
12.300
12.800
6.600
14.500
3.800
10.850
15.200
15.900
16.000
15.000
12.000
13.000
18.700
10.700
12.300
12.500
18.000
11.000
9.000
15.500
21.500
12.500
9.700
8.200
9.000
9.950
11.000
9.900
9.500
10.500
12.000
19.900
24.000
21.900
16.300
20.800
15.000
14.400
15.900
15.600
1
15.000
19.400
19.800
14.400
16.500
27.990
14.200
15.200
17.800
1.000
25.900
17.500
18.500
15.300
1
15.800
16.600
17.300
12.500
12.700
13.500
17.000
18.900
12.500
13.000
20.000
69.990
2.300
800
9.800
21.500
20.000
20.100
17.500
22.800
17.500
16.500
22.800
14.000
16.800
16.500
17.000
13.500
19.000
16.500
18.500
17.000
10.200
19.000
19.300
15.000
17.599
8.900
16.500
8.500
15.500
16.900
13.000
11.500
13.000
15.800
12.500
8.300
9.650
10.500
11.500
11.500
9.300
9.500
20.000
9.800
11.000
15.500
13.500
14.300
6.800
10.000
8.000
10.500
10.500
11.500
13.000
5.000
9.500
5.000
4.000
8.000
2.600
5.500
7.400
7.300
6.200
5.800
6.500
75.000
4.200
17.500
6.500
15.499
4.500
2.500
22.500
9.200
7.500
9.000
23.500
20.500
13.399
16.000
23.000
3.600
11.800
6.400
5.500
2.300
500
17.000
4.100
9.500
6.500
7.600
10.500
950
5.700
1.800
18.900
6.000
5.200
21.000
22.500
2.000
11.600
13.900
15.500
9.500
15.800
16.500
18.000
12.450
12.999
16.200
14.500
14.000
17.200
17.200
17.200
17.200
14.800
18.000
13.000
28.500
10.000
33.000
11.000
24.700
11.905
20.000
11.500
22.000
14.000
10.500
27
25
9.500
9.900
1
7.000
21.000
9.650
18.000
20.000
13.800
19.500
12.000
17.500
28.000
16.500
15.500
31.000
7.600
7.000
5.600
7.500
8.200
10.500
6.800
7.000
8.000
9.500
6.500
4.500
5.500
7.500
8.200
2.800
6.500
2.800
4.500
2.800
7.500
4.500
8.500
8.200
6.200
8.990
5.500
6.500
6.800
6.600
8.000
8.000
11.500
15.000
20.900
14.900
11.600
19.800
13.800
16.500
26.000
16.500
16.500
14.000
24.500
19.000
14.800
15.300
32.500
20.500
16.500
14.500
12.700
14.000
17.000
16.900
13.500
14.800
14.000
16.500
16.500
18.500
17.500
18.500
16.000
24.000
14.000
14.000
18.500
22.000
18.500
14.000
13.500
16.000
18.800
1
19.800
15.500
15.000
15.700
13.500
29.500
23.500
18.500
25.300
32.000
150
16.000
19.000
5.000
6.200
6.500
2.700
2.650
3.500
1.000
3.000
3.000
7.000
64.000
31.500
14.900
26.500
2.500
12.000
75.000
60
11.000
49.500
7.000
12.500
6.000
7.800
15.000
4.700
13.450
12.700
13.000
6.200
5.000
5.500
5.900
12.300
6.500
16
13.000
13.800
25.000
13.500
13.000
13.200
18.700
9.400
12.500
18.700
7.500
38.000
6.900
15.500
38.000
5.600
11.300
13.000
9.200
14.700
11.500
13.300
9.800
13.800
22.000
16.000
5.500
1
11.000
8.800
8.500
12.300
17.000
14.000
12.500
6.000
18.800
13.500
4.750
6.200
4.700
6.500
6.300
4.500
3.300
7.100
5.000
6.800
7.800
6.000
5.300
2.230
3.800
5.300
5.000
4.900
4.900
3.200
2.700
4.200
10.200
10.600
11.500
1.600
1.400
8.500
8.000
6.500
6.200
5.000
7.900
7.800
7.000
10.000
5.500
8.500
5.600
9.500
6.600
6.500
6.000
6.500
6.200
7.300
7.500
6.700
5.500
7.500
6.500
6.500
11.500
7.500
11.300
8.000
4.900
4.800
4.500
3.500
7.533
6.600
8.400
6.800
6.400
8.700
6.800
6.200
4.500
7.800
7.500
7.200
8.600
7.000
7.200
5.500
7.000
7.800
7.700
8.200
8.000
6.500
7.700
5.000
7.700
8.600
6.200
8.000
7.000
8.000
4.500
7.500
5.700
10.000
5.300
7.200
8.300
6.700
6.900
7.900
8.300
6.800
6.300
8.000
7.800
6.559
7.450
7.600
6.200
5.700
12.400
10.800
6.800
4.700
13.000
5.900
5.500
7.500
6.300
10.100
13.600
5.400
9.400
5.100
8.500
14.000
15.000
7.500
6.500
8.000
5.800
6.500
7.300
12.500
10.500
6.300
7.200
9.900
5.990
6.000
6.900
12.800
13.200
6.500
6.800
8.500
6.200
7.900
14.500
7.500
6.750
12.100
7.000
7.900
5.800
7.200
17.500
7.800
7.300
15.500
17.500
10.700
7.997
11.000
19.700
19.400
10.200
17.900
14.500
8.200
17.400
10.000
18.000
16.500
9.300
20.000
31.500
15.000
11.500
9.700
226
14.900
13.000
5.800
7.500
8.000
6.600
19.500
18.000
19.000
9.600
16.000
10.000
3.500
13.000
16.800
9.200
9.800
15.200
15.500
7.500
10.400
10.000
17.500
20.600
13.499
16.200
18.500
18.000
12.500
24.000
19.000
28.500
1
18.000
19.000
18.900
23.000
18.500
22.000
16.500
22.500
13.200
11.990
15.000
13.500
13.500
14.900
27.500
15.000
13.200
27.850
13.500
14.900
13.000
10.800
22.500
12.300
21.000
12.500
30.700
15.500
13.500
14.500
17.300
22.000
19.800
22.500
20.000
14.900
13.000
9.800
13.900
15.000
14.500
24.500
15.000
10.500
10.800
25.000
18.000
21.000
17.000
26.000
16.000
12.600
14.000
10.490
21.000
13.800
13.500
19.500
12.800
12.800
16.200
13.000
15.500
14.500
13.500
16.000
10.500
14.000
19.800
14.500
10.500
13.000
33.000
25.500
14.000
8.000
16.200
16.900
18.500
8.500
9.000
15.000
12.600
15.500
7.500
10.500
11.400
22.500
16.300
13.000
17.900
15.500
13.500
13.200
12.500
1
12.500
11.800
12.500
13.200
18.200
13.000
13.500
14.500
10.500
15.500
17.500
13.900
13.999
14.000
20.900
14.000
10.500
17.000
7.800
16.200
15.500
13.500
18.800
12.500
12.300
11.500
23.000
14.000
15.500
9.899
13.100
14.600
18.500
17.000
14.500
10.400
14.000
14.500
29.400
22.000
17.500
28.850
10.400
24.900
13.000
27.000
26.500
13.800
21.500
10.500
19.500
14.200
12.500
14.300
14.000
41.500
16.000
27.200
24.000
27.000
32.000
26.800
19.500
35.800
22.000
20.500
24.900
13.500
18.000
30.680
14.800
11.000
11.000
20.000
24.700
14.500
26.500
34.000
12.500
17.500
17.500
18.500
21.000
23.000
10.200
15.000
550
13.500
10.000
9.800
11.000
14.000
15.400
11.500
9.800
16.800
14.600
10.900
11.700
11.300
10.000
10.800
13.000
16.900
10.700
9.000
15.500
13.800
11.500
10.700
12.900
16.800
9.200
14.850
11.350
11.200
14.800
12.000
10.000
11.000
10.300
10.200
13.300
11.500
13.500
14.500
14.000
14.500
11.300
14.000
10.300
10.700
13.800
9.500
20.000
15.000
8.000
10.500
5.000
9.200
4.200
8.000
5.000
9.500
6.900
7.000
11.000
3.000
8.900
11.500
3.800
6.000
12.500
8.200
8.500
10.000
5.990
4.000
6.300
3.800
6.500
5.000
13.800
8.700
8.000
10.500
5.500
5.000
8.100
4.500
6.500
550
7.200
10.000
8.000
7.000
9.000
5.100
10.000
5.200
25.000
9.800
8.900
8.900
4.200
8.000
6.500
6.200
5.000
6.500
11.500
7.900
7.800
25.800
7.000
10.000
5.500
10.200
10.000
16.500
8.500
5.600
9.500
20
18.000
6.600
7.500
4.700
4.900
4.500
6.500
6.000
6.500
7.000
10.600
11.300
6.200
18.000
12.500
8.000
7.300
7.500
6.700
11.500
5.500
8.500
7.500
6.500
10.200
10.800
9.000
10.850
8.600
10.000
5.300
9.000
7.700
13.000
11.200
12.800
12.300
9.000
10.000
8.950
11.400
9.800
9.000
1
8.000
8.500
11.900
10.200
9.200
5.800
9.100
8.600
9.800
11.800
10.300
14.900
10.800
11.300
14.500
8.600
13.800
8.900
11.500
8.500
14.200
14.000
8.000
10.713
10.000
9.800
10.000
12.000
10.600
13.000
13.200
3.800
6.800
18.200
3.800
15.500
17.500
13.999
5.500
14.000
5.000
20.900
14.000
4.500
3.300
11.500
15.500
13.100
4.200
18.500
10.400
14.500
19.700
4.400
14.500
14.200
4.800
19.990
13.200
15.000
17.900
5.800
4.500
23.000
18.700
4.400
22.000
21.800
16.600
13.800
17.600
16.999
13.400
11.990
4.900
4.400
6.500
4.500
2.500
12.800
23.500
22.500
9.200
75.000
20.500
13.399
32.500
16.000
7.500
17.500
7.500
6.500
65.000
9.000
29.000
5.500
13.000
15.499
12.700
18.000
850
7.500
5
7.000
6.700
16.500
3.000
12.000
34.999
10.500
6.600
23.890
9.350
29.000
8.490
19.900
14.600
4.800
18.500
24.000
22.800
16.000
3.900
20.000
5.800
5.000
17.800
15.000
15.000
6.200
23.000
3.500
8.800
10.500
8.000
7.000
18.500
3.500
7.500
7.500
15.000
8.500
15.500
18.000
8.500
8.500
7.900
12.800
22.000
13.200
1
16.800
16.900
9.500
15.999
16.999
16.999
15.999
12.000
3.200
4.700
18.000
6.000
7.900
15.800
16.500
7.500
20.500
17.500
15.800
13.000
13.500
5.300
17.000
16.500
14.600
4.200
5.500
10.200
15.500
20.000
8.300
15.500
12.000
9.700
18.500
9.100
15.500
15.900
22.000
5.500
17.000
12.500
11.000
8.500
18.000
3.500
23.500
13.500
15.000
4.800
4.500
6.500
6.400
5.500
3.200
6.000
4.900
3.500
3.900
5.800
7.800
6.500
1.600
2.700
1.400
5.500
3.500
19.000
10.500
7.600
10.500
12.000
18.000
7.000
19.300
17.500
11.200
14.000
21.500
950
7.500
5.700
1.800
10.500
2.500
2.500
5.300
4.200
5.100
4.100
5.000
7.500
4.600
4.500
3.500
4.200
15.000
17.599
8.900
16.500
3.600
6.000
8.500
8.500
7.800
15.500
60.000
16.900
15.000
11.800
6.400
13.000
5.500
11.500
13.000
17.500
23.500
20.000
2.300
500
15.800
17.000
12.500
8.300
1.500
9.650
10.500
4.100
3.600
2.700
100
3.850
8.000
2.500
11.500
10.300
3.800
3.600
3.100
13.000
6.500
6.000
5.600
12.000
2.900
4.000
5.000
3.500
4.200
6.200
5.800
4.400
3.500
6.300
6.200
3.700
6.500
7.400
6.850
4.800
3.400
6.200
6.750
6.300
2.200
5.000
3.200
1.600
4.500
9.500
8.100
10.350
1.800
49.500
19.900
7.600
24.000
7.000
5.600
7.500
21.000
5.500
8.200
9.650
10.500
6.800
7.000
25.000
8.000
31.000
10.000
26.000
27.300
7.490
7.000
12.000
7.500
22.000
28.000
250
50.000
10.000
5.000
8.600
13.000
8.000
15.800
9.000
9.500
4.600
8.500
4.000
4.800
7.000
8.000
8.100
16.600
9.800
5.500
8.300
17.800
17.000
8.700
9.500
7.500
5.500
7.500
6.200
6.000
10.000
9.500
12.500
6.800
17.300
12.700
8.100
5.500
10.500
6.000
7.900
9.000
5.500
8.000
3.200
10.300
12.500
7.400
9.500
16.000
7.300
17.500
29.500
11.990
12.300
9.200
25.200
3.800
4.800
5.000
10.500
23.500
21.500
9.300
9.200
7.000
10.222
22.000
18.500
6.500
11.500
8.000
5.000
8.500
9.500
10.200
11.000
27.000
6.900
12.500
22.990
11.000
5.500
8.700
19.800
12.500
4.200
7.200
9.600
5.100
16.500
9.400
18.300
7.900
7.000
10.300
33.000
18.000
6.500
15.500
14.900
28.000
17.200
6.000
16.000
27.000
8.900
4.100
16.900
520
8.000
10.700
10.500
10.000
28.999
235
4.700
26.500
12.300
7.000
21.900
16.000
55.000
18.000
10.000
7.500
11.400
16.300
15.100
10.300
35.000
17.500
1
14.500
22.000
8.500
34.100
28.500
8.500
18.400
23.900
14.000
8.500
4.900
18.500
6.500
12.500
15.000
13.500
18.500
10.900
20.900
14.900
27.000
7.200
10.200
8.800
11.600
19.800
9.490
26.500
21.500
13.800
16.500
4.750
9.400
1.700
9.000
26.000
9.000
16.500
8.000
16.500
35.000
6.200
4.700
13
11.500
12.500
11.000
69.990
12.800
9.000
14.000
24.500
14.000
6.500
5.000
10.000
14.500
6.300
19.000
8.600
10.000
12.000
15.700
15.800
12.700
13.900
13.499
12.000
11.500
12.000
8.000
12.500
29.900
13.800
23.999
14.100
14.200
10.800
16.400
4.400
1.400
13.000
4.850
12.000
28.000
7.800
10.300
5.500
35.500
16.250
5.000
290
7.900
13.200
15.000
14.000
16.500
34.799
19.500
28.900
16.200
7.800
13.000
13.700
12.500
11.200
15.000
13.000
14.500
25.000
29.360
4.500
13.500
24.300
6.800
15.500
10.000
23.000
22.500
20.000
9.000
11.500
12.000
27.900
30.200
14.000
22.999
38.850
13.200
27.000
13.900
12.999
18.500
2.300
11.500
7.900
9.300
21.500
9.000
29.360
29.900
24.200
20.000
18.000
20.500
9.500
7.000
13.000
10.500
12.500
20.000
9.800
10.800
11.400
25.000
33.900
18.500
32.800
7.800
11.000
15.500
7.500
100
13.900
15.000
13.500
14.500
24.500
15.000
15.000
8.900
14.199
12.500
9.700
9.500
10.500
7.700
17.500
7.800
7.300
11.600
10.800
25.000
3.300
10.400
13.900
4.200
18.000
21.000
17.000
26.000
25.999
15.500
16.000
13.000
15.500
16.000
22.500
34.700
11.000
17.500
10.700
7.997
12.600
27
11.000
13.200
19.700
14.000
19.400
9.500
13
15.000
15.000
13.500
15.600
22.500
6.700
8.000
1.400
9.000
7.400
24.500
10.500
10.000.000
23.300
3.000
10.500
10.700
20.600
6.500
13.450
22.500
13.499
16.200
17.800
20.000
1
950
12.700
18.500
7.600
5.000
13.800
8.800
18.000
12.500
8.400
19.000
13.000
6.200
24.000
19.000
28.500
1
5.000
17.500
2.000
5.000
18.000
16.000
10.500
12.300
5.500
19.000
18.900
13.800
23.000
18.500
17.500
22.000
22.800
5.900
16.500
12.000
11.400
8.500
550
9.500
10.200
8.900
22.500
17.500
29.400
49.500
10.800
10.800
8.200
16.300
6.200
9.000
8.500
17.900
5.500
5.700
12.500
10.850
13.400
15.500
15.200
12.400
13.500
13.500
18.900
8.600
8.000
12.500
9.500
10.800
10.000
9.200
22.000
5.300
6.850
6.800
10.000
1
6.500
12.500
9.000
7.533
15.950
9.800
20.900
12.000
14.100
4.000
9.000
9.800
15.800
13.200
8.400
7.000
6.200
6.800
15.500
9.200
8.700
16.000
4.750
27.000
8.700
11.000
26.800
7.500
4.200
7.999
14.850
13.500
11.800
13.300
11.000
13.500
10.200
11.500
23.000
8.500
6.500
10.500
4.400
11.000
20.500
12.100
23.900
4.200
8.400
5.800
12.500
19.300
9.200
7.500
8.900
27.000
13.499
8.900
1
7.000
17.500
7.500
235
28.850
10.500
3.800
4.850
23.500
14.600
16.500
15.500
5.500
34.700
12.500
5.900
16.500
10.300
10.200
11.500
18.400
13.800
14.000
9.500
4.900
14.000
18.500
17.300
7.000
15.800
16.000
18.500
48.000
14.000
11.300
8.500
11.500
27.850
9.500
12.500
19.000
13.500
12.400
12.700
12.300
13.900
10.200
15.800
10.400
4.000
5.900
19.000
28.500
7.000
6.200
25.999
8.990
15.000
22.800
9.100
8.500
7.500
9.500
6.200
7.500
9.000
14.000
22.500
9.800
13.800
12.000
13.800
10.300
13.500
6.500
16.200
13.500
7.300
9.300
8.500
9.200
9.500
9.000
11.000
24.500
8.300
11.500
12.099
12.500
7.400
34.000
6.000
5.700
13.499
15.000
950
7.700
7.500
8.500
6.400
1
13.000
1.700
10.500
5.000
21.500
9.000
16.500
9.100
7.800
4.800
41.500
15.000
7.800
17.000
13.800
14.500
22.000
10.000
10.200
18.000
39.500
4.000
9.000
16.800
12.500
3.300
8.000
11.000
5.800
12.999
5.000
32.500
14.000
5.700
8.200
15.000
15.800
5.300
8.500
15.000
550
10.700
29.500
9.500
13.000
22.000
9.000
15.800
12.000
13.900
8.200
16.300
8.000
2.500
13.450
14.000
9.000
6.500
12.000
16.000
9.500
8.000
12.500
23.999
10.000
17.800
5.300
3.800
5.000
8.000
12.500
17.500
4.400
19.000
17.500
13.000
1.400
19.800
13.000
6.300
9.800
17.000
12.300
5.800
3.000
2.000
15.500
7.900
15.500
13.900
11.400
10.000
5.000
8.600
15.000
23.000
10.500
15.700
19.000
19.900
17.500
18.000
10.200
10.500
13.500
12.800
22.500
10.600
22.500
14.900
28.000
11.500
17.500
29.400
18.500
10.800
10.800
13.500
6.500
17.200
27.900
14.500
1
13.000
6.200
9.000
8.500
11.990
30.200
31.000
17.900
5.500
22.999
850
49.500
38.850
31.000
30.200
29.900
29.500
29.400
28.000
27.900
27.000
27.000
27.000
25.200
24.500
23.999
23.000
22.999
22.500
22.500
22.500
22.000
22.000
20.900
20.600
20.000
20.000
19.900
19.000
18.900
18.500
18.500
18.000
18.000
17.900
17.800
17.599
17.500
17.500
17.200
16.999
16.999
16.900
16.900
16.800
16.300
16.200
16.000
15.999
15.500
7.900
15.500
13.900
11.400
10.000
5.000
8.600
12.700
8.500
15.000
23.000
10.500
15.000
550
15.700
19.000
19.900
17.500
10.700
29.500
9.500
18.000
10.200
10.500
13.500
3.600
13.000
12.800
22.500
10.600
22.000
20.000
20.600
8.900
9.000
13.200
22.500
14.900
28.000
11.500
15.000
17.500
29.400
49.500
18.500
10.800
8.000
15.800
10.800
1
520
550
850
2.500
2.900
3.200
3.600
4.100
4.500
4.700
5.000
5.300
5.500
5.700
6.000
6.000
6.200
6.500
6.500
7.500
7.600
7.900
8.000
8.000
8.000
8.000
8.200
8.500
8.500
8.600
8.600
8.900
8.900
8.900
8.900
9.000
9.000
9.000
9.200
9.200
9.500
9.500
9.500
9.500
10.000
10.000
10.200
15.500
7.900
15.500
13.900
11.400
10.000
5.000
8.600
12.700
8.500
15.000
23.000
10.500
15.000
550
15.700
19.000
19.900
17.500
10.700
29.500
9.500
18.000
10.200
10.500
13.500
3.600
13.000
12.800
22.500
10.600
22.000
20.000
20.600
8.900
9.000
13.200
22.500
14.900
28.000
11.500
15.000
17.500
29.400
49.500
18.500
10.800
8.000
15.500
7.900
15.500
1.650
13.900
1.900
11.400
3.080
3.025
10.000
5.000
8.600
12.700
8.500
2.090
15.000
1.999
15.890
55.000
23.000
10.500
1.999
15.000
550
15.700
19.000
19.900
17.500
10.700
29.500
100.000
9.500
4.750
3.080
18.000
16.000
32.900
10.200
8.500
88.000
10.500
13.500
12.500
38.000
3.600
13.000
1.065
170
